c0a00d00
00110011
11001100
10101010
01010101
01101101
00100100
01110001
00000000
00110011
11001100
10101010
01010101
01101101
00100100
01110001
00000000
00110011
11001100
10101010
01010101
01101101
00100100
01110001
00000000
00110011
11001100
10101010
01010101
01101101
00100100
01110001
00000000
00110011
11001100
10101010
01010101
01101101
00100100
01110001
00000000
00110011
11001100
10101010
01010101
01101101
00100100
01110001
00000000
00110011
11001100
10101010
01010101
01101101
00100100
01110001
00000000
00110011
11001100
10101010
01010101
01101101
00100100
01110001
